8.0000
8.8822
9.3825
9.5011
9.2584
8.6928
7.8574
6.8165
5.6411
4.4042
3.1761
2.0205
0.9905
0.1258
-0.5489
-1.0249
-1.3091
-1.4226
-1.3981
-1.2772
-1.1065
-0.9336
-0.8033
-0.7538
-0.8139
-1.0000
-1.3152
-1.7486
-2.2758
-2.8606
-3.4576
-4.0154
-4.4801
-4.7999
-4.9285
-4.8292
-4.4781
-3.8663
-3.0017
-1.9087
-0.6281
0.7848
2.2638
3.7345
5.1192
6.3417
7.3314
8.0286
8.3877
8.3809
8.0000
7.2576
6.1868
4.8397
3.2847
1.6026
-0.1175
-1.7837
-3.3066
-4.6044
-5.6079
-6.2648
-6.5427
-6.4316
-5.9440
-5.1151
-4.0005
-2.6729
-1.2182
0.2695
1.6937
2.9610
3.9868
4.7002
5.0484
5.0000
4.5470
3.7054
2.5143
1.0340
-0.6575
-2.4687
-4.3003
-6.0502
-7.6198
-8.9193
-9.8731
-10.4237
-10.5349
-10.1940
-9.4122
-8.2237
-6.6839
-4.8658
-2.8557
-0.7485
1.3577
3.3672
5.1921
6.7563